[
  {
    "_printoptions": {
      "precision": 4,
      "format_char": "g"
    },
    "ion": "Ca40",
    "x_eq": [
      -0.00010000081596518136,
      -4.3905372301354044e-10,
      6.708299804893942e-05
    ],
    "fun": -0.5654778056805997,
    "jac": [
      -0.0015318006117439609,
      -0.2063100590959454,
      0.5043349631074048
    ],
    "hess": [
      [
        16351414.08343101,
        727902.0147874518,
        559214.43105018
      ],
      [
        727902.0147874518,
        628746661.0447245,
        80009638.27461074
      ],
      [
        559214.43105018,
        80009638.27461074,
        563691947.5066435
      ]
    ],
    "shift": [
      -9.368070706439016e-11,
      -1.2617355067249981e-08,
      3.0843737480561867e-08
    ],
    "mode_freqs": [
      999965.0027009159,
      5583999.70041113,
      6461059.2240379425
    ],
    "mode_vectors": [
      [
        0.9999990478285671,
        -0.0010756706438199868,
        -0.0008644504761426042
      ],
      [
        -0.00011664006360877558,
        0.5582970274815257,
        -0.8296411365767662
      ],
      [
        0.001375040746756481,
        0.8296404474457347,
        0.5582963704207526
      ]
    ],
    "mode_angle": 33.93809854648675,
    "minimize_results": {
      "x": [
        -0.00010000081596518136,
        -4.3905372301354044e-10,
        6.708299804893942e-05
      ],
      "fun": -0.5654778056805997,
      "jac": [
        -0.0015318006117439609,
        -0.2063100590959454,
        0.5043349631074048
      ],
      "nfev": 16,
      "nit": 7,
      "status": 1,
      "message": "Converged (|f_n-f_(n-1)| ~= 0)",
      "success": true
    },
    "mode_solver_results": {
      "_printoptions": {
        "precision": 4,
        "format_char": "g"
      },
      "x0": [
        [
          -5.006767834852724e-06,
          9.91262631796861e-09,
          6.712814883643798e-05
        ],
        [
          4.997209309866594e-06,
          -5.724127793513e-08,
          6.697914910503946e-05
        ]
      ],
      "ions": [
        "Ca40",
        "Ca40"
      ],
      "x_eq": [
        [
          -0.00010281121982459916,
          3.53715931948114e-09,
          6.708351791072657e-05
        ],
        [
          -9.720498584535503e-05,
          -2.499524686416722e-09,
          6.707868259157033e-05
        ]
      ],
      "fun": -1.1305703141128043,
      "jac": [
        3.159970287214264e-05,
        -0.000392384336602547,
        0.000345886503412475,
        6.818745915637692e-05,
        0.0004539363257268225,
        -0.0007758294481661002
      ],
      "hess": [
        [
          32765740.2151952,
          531687.9370189836,
          889820.8032755405,
          -16344274.879692126,
          26398.822368970916,
          21145.17363810077
        ],
        [
          531687.9370189836,
          620594769.6497722,
          80106554.92919143,
          26398.822368970916,
          8172132.345723536,
          -22.76871282498028
        ],
        [
          889820.8032755405,
          80106554.92919143,
          555896178.7600473,
          21145.17363810077,
          -22.76871282498028,
          8172142.533968589
        ],
        [
          -16344274.879692126,
          26398.822368970916,
          21145.17363810077,
          32592731.3057461,
          872395.0224015318,
          185976.17875531243
        ],
        [
          26398.822368970916,
          8172132.345723536,
          -22.76871282498028,
          872395.0224015318,
          620739444.6898654,
          79866071.5638804
        ],
        [
          21145.17363810077,
          -22.76871282498028,
          8172142.533968589,
          185976.17875531243,
          79866071.56388041,
          555401642.7962773
        ]
      ],
      "trap_pot": [
        -0.5654138080638695,
        -0.5654133564020952
      ],
      "mode_freqs": [
        999445.023228497,
        1731492.1030024749,
        5494543.039483332,
        5584763.640837188,
        6383626.784420154,
        6461455.434538839
      ],
      "mode_vectors": [
        [
          [
            0.7089695499376335,
            -0.0010340094031954228,
            -0.00010213263963608585
          ],
          [
            0.7052372730061579,
            -0.0004894975202532903,
            -0.0011166063420785036
          ]
        ],
        [
          [
            0.7052375571394096,
            -0.0010385534622514507,
            -8.400846128206495e-05
          ],
          [
            -0.7089692303877564,
            0.0004819497872819989,
            0.0011403670974768215
          ]
        ],
        [
          [
            -0.0004913454591545241,
            -0.39507546848403213,
            0.5883349213500545
          ],
          [
            -0.0006523716848767327,
            0.3945247453134099,
            -0.5849161930126076
          ]
        ],
        [
          [
            0.0005093400825321726,
            0.3931972095623092,
            -0.585809566425835
          ],
          [
            -0.000675322590891554,
            0.3964084630129619,
            -0.5874374189989675
          ]
        ],
        [
          [
            -0.0009208031692817809,
            -0.5920800674578706,
            -0.39740893130663646
          ],
          [
            0.0010242876189154612,
            0.5811354960893819,
            0.3921568221746826
          ]
        ],
        [
          [
            0.0009036233235136804,
            0.5820226581026551,
            0.390839220182954
          ],
          [
            0.0010432217822428918,
            0.5911781618840629,
            0.3987490507656201
          ]
        ]
      ],
      "minimize_results": {
        "x": [
          -9.720498584535503e-05,
          -2.499524686416722e-09,
          6.707868259157033e-05,
          -0.00010281121982459916,
          3.53715931948114e-09,
          6.708351791072657e-05
        ],
        "fun": -1.1305703141128043,
        "jac": [
          3.159970287214264e-05,
          -0.000392384336602547,
          0.000345886503412475,
          6.818745915637692e-05,
          0.0004539363257268225,
          -0.0007758294481661002
        ],
        "nfev": 22,
        "nit": 6,
        "status": 1,
        "message": "Converged (|f_n-f_(n-1)| ~= 0)",
        "success": true
      },
      "title": "",
      "repr": "\u001b[33m--------------\nMode solver analysis for ion crystal [Ca40, Ca40]: \u001b[39m\n\u001b[33mEquilibrium positions [um]\u001b[39m\n[[-102.8112    0.0035   67.0835]\n [ -97.205    -0.0025   67.0787]]\n\u001b[33mNormal modes\u001b[39m\n  Freq [MHz]                   Ca40                                Ca40\n------------  ----------  ---------  ----------  ----------  ----------  ---------\n      0.9994   0.709      -0.001034  -0.0001021   0.7052     -0.0004895  -0.001117\n      1.731    0.7052     -0.001039  -8.401e-05  -0.709       0.0004819   0.00114\n      5.495   -0.0004913  -0.3951     0.5883     -0.0006524   0.3945     -0.5849\n      5.585    0.0005093   0.3932    -0.5858     -0.0006753   0.3964     -0.5874\n      6.384   -0.0009208  -0.5921    -0.3974      0.001024    0.5811      0.3922\n      6.461    0.0009036   0.582      0.3908      0.001043    0.5912      0.3987\n"
    },
    "title": "",
    "repr": "\u001b[33m--------------\nTrap potential analysis for ion Ca40: \u001b[39m\n\u001b[33mEquilibrium position [um]\u001b[39m\n[-100.0008   -0.0004   67.083 ]\n\u001b[33mGradient [V/m]\u001b[39m\n[-0.0015 -0.2063  0.5043]\n\u001b[33mDisplacement at 1 MHz [um]\u001b[39m\n[-0.0001 -0.0126  0.0308]\n\u001b[33mHessian [V/m2]\u001b[39m\n[[1.6351e+07 7.2790e+05 5.5921e+05]\n [7.2790e+05 6.2875e+08 8.0010e+07]\n [5.5921e+05 8.0010e+07 5.6369e+08]]\n\u001b[33mNormal mode frequencies [MHz]\u001b[39m\n[0.999965 5.584 6.46106]\n\u001b[33mEigenvectors\u001b[39m\n[[\u001b[32m1\u001b[39m -0.00108 -0.000864]\n [-0.000117 0.558 -0.83]\n [0.00138 0.83 0.558]]\n\u001b[33mTilt angle of mode 2 (6.46): 33.94\u00b0\u001b[39m\n\u001b[33m--------------\nMode solver analysis for ion crystal [Ca40, Ca40]: \u001b[39m\n\u001b[33mEquilibrium positions [um]\u001b[39m\n[[-102.8112    0.0035   67.0835]\n [ -97.205    -0.0025   67.0787]]\n\u001b[33mNormal modes\u001b[39m\n  Freq [MHz]                   Ca40                                Ca40\n------------  ----------  ---------  ----------  ----------  ----------  ---------\n      0.9994   0.709      -0.001034  -0.0001021   0.7052     -0.0004895  -0.001117\n      1.731    0.7052     -0.001039  -8.401e-05  -0.709       0.0004819   0.00114\n      5.495   -0.0004913  -0.3951     0.5883     -0.0006524   0.3945     -0.5849\n      5.585    0.0005093   0.3932    -0.5858     -0.0006753   0.3964     -0.5874\n      6.384   -0.0009208  -0.5921    -0.3974      0.001024    0.5811      0.3922\n      6.461    0.0009036   0.582      0.3908      0.001043    0.5912      0.3987\n"
  },
  {
    "_printoptions": {
      "precision": 4,
      "format_char": "g"
    },
    "ion": "Ca40",
    "x_eq": [
      -9.980801818631162e-05,
      1.0857683864237813e-09,
      6.708202502201699e-05
    ],
    "fun": -0.5565169254687041,
    "jac": [
      -0.20826340713990987,
      0.6643141350781376,
      0.07015151697002622
    ],
    "hess": [
      [
        16350781.656169077,
        725241.0023193825,
        595918.6224328479
      ],
      [
        725241.0023193825,
        627747670.0311164,
        79967284.04435162
      ],
      [
        595918.6224328479,
        79967284.04435162,
        564796776.9017191
      ]
    ],
    "shift": [
      -1.2736816454390372e-08,
      4.062762307957022e-08,
      4.290273591097181e-09
    ],
    "mode_freqs": [
      999943.8113387966,
      5586643.912055006,
      6459274.358458981
    ],
    "mode_vectors": [
      [
        0.9999989998276072,
        -0.0010643830589559475,
        -0.0009313605579447454
      ],
      [
        -0.00017062568721348744,
        0.5629153273142962,
        -0.8265145522986957
      ],
      [
        0.0014040052207703831,
        0.826513884555693,
        0.5629145826908353
      ]
    ],
    "mode_angle": 34.25763963485847,
    "minimize_results": {
      "x": [
        -9.980801818631162e-05,
        1.0857683864237813e-09,
        6.708202502201699e-05
      ],
      "fun": -0.5565169254687041,
      "jac": [
        -0.20826340713990987,
        0.6643141350781376,
        0.07015151697002622
      ],
      "nfev": 16,
      "nit": 7,
      "status": 1,
      "message": "Converged (|f_n-f_(n-1)| ~= 0)",
      "success": true
    },
    "mode_solver_results": {
      "_printoptions": {
        "precision": 4,
        "format_char": "g"
      },
      "x0": [
        [
          -4.9455654670216204e-06,
          -3.282037008631462e-08,
          6.707331875084406e-05
        ],
        [
          5.0545416613353275e-06,
          -1.5612949292777712e-08,
          6.705384623885592e-05
        ]
      ],
      "ions": [
        "Ca40",
        "Ca40"
      ],
      "x_eq": [
        [
          -0.0001026062336933101,
          3.520645140197674e-09,
          6.70837216594768e-05
        ],
        [
          -9.700001725095267e-05,
          -2.4650923901053207e-09,
          6.707849499349226e-05
        ]
      ],
      "fun": -1.112648557018619,
      "jac": [
        -0.0012349907682462913,
        -0.0010981447086330226,
        0.003757466843998733,
        7.125123283202583e-05,
        0.012272835454465572,
        0.0037466322033195693
      ],
      "hess": [
        [
          32771322.910286717,
          528701.8559485419,
          926645.5125527919,
          -16344423.072213,
          26176.35063196632,
          22856.839404460497
        ],
        [
          528701.8559485419,
          619556773.502458,
          80106026.39154832,
          26176.35063196632,
          8172208.216603968,
          -24.404166848373837
        ],
        [
          926645.5125527919,
          80106026.39154832,
          556948882.7104691,
          22856.839404460497,
          -24.404166848373837,
          8172214.855609032
        ],
        [
          -16344423.072213,
          26176.35063196632,
          22856.839404460497,
          32587502.47804659,
          869191.0844162031,
          222322.52238074807
        ],
        [
          26176.35063196632,
          8172208.216603968,
          -24.404166848373837,
          869191.0844162031,
          619707210.060369,
          79866053.98929867
        ],
        [
          22856.839404460497,
          -24.404166848373837,
          8172214.855609032,
          222322.52238074807,
          79866053.98929867,
          556417078.6116937
        ]
      ],
      "trap_pot": [
        -0.5564529457287674,
        -0.5564524624328809
      ],
      "mode_freqs": [
        999443.1164409907,
        1731497.3569963893,
        5496678.554972216,
        5586866.021279318,
        6381781.918175036,
        6459634.451151156
      ],
      "mode_vectors": [
        [
          [
            0.7090849757030863,
            -0.0010253779692209234,
            -0.00015247206121801976
          ],
          [
            0.7051211487889105,
            -0.00048016271138440203,
            -0.0011651432625286035
          ]
        ],
        [
          [
            0.7051215107221189,
            -0.0010294157486618355,
            -0.00013414176811530698
          ],
          [
            -0.7090845782976122,
            0.00047246876837203633,
            0.0011895460984030146
          ]
        ],
        [
          [
            -0.0004499554378123438,
            -0.3985589102037904,
            0.5864996994873104
          ],
          [
            -0.0006917857270066152,
            0.39756764000777045,
            -0.5823299650453554
          ]
        ],
        [
          [
            0.00046769306301541747,
            0.3961759249662259,
            -0.583277903700719
          ],
          [
            -0.0007155337253049064,
            0.3999580088597836,
            -0.5855462270011258
          ]
        ],
        [
          [
            -0.0009393482160982014,
            -0.590089604423247,
            -0.4008058252922631
          ],
          [
            0.0010471052162063532,
            0.578702784622688,
            0.39528478016354973
          ]
        ],
        [
          [
            0.0009212911276762492,
            0.5796443558158535,
            0.3939030829097854
          ],
          [
            0.0010674107773099627,
            0.5891317306465076,
            0.40221213040798925
          ]
        ]
      ],
      "minimize_results": {
        "x": [
          -9.700001725095267e-05,
          -2.4650923901053207e-09,
          6.707849499349226e-05,
          -0.0001026062336933101,
          3.520645140197674e-09,
          6.70837216594768e-05
        ],
        "fun": -1.112648557018619,
        "jac": [
          -0.0012349907682462913,
          -0.0010981447086330226,
          0.003757466843998733,
          7.125123283202583e-05,
          0.012272835454465572,
          0.0037466322033195693
        ],
        "nfev": 19,
        "nit": 5,
        "status": 0,
        "message": "Local minimum reached (|pg| ~= 0)",
        "success": true
      },
      "title": "",
      "repr": "\u001b[33m--------------\nMode solver analysis for ion crystal [Ca40, Ca40]: \u001b[39m\n\u001b[33mEquilibrium positions [um]\u001b[39m\n[[-102.6062    0.0035   67.0837]\n [ -97.       -0.0025   67.0785]]\n\u001b[33mNormal modes\u001b[39m\n  Freq [MHz]                   Ca40                                Ca40\n------------  ----------  ---------  ----------  ----------  ----------  ---------\n      0.9994   0.7091     -0.001025  -0.0001525   0.7051     -0.0004802  -0.001165\n      1.731    0.7051     -0.001029  -0.0001341  -0.7091      0.0004725   0.00119\n      5.497   -0.00045    -0.3986     0.5865     -0.0006918   0.3976     -0.5823\n      5.587    0.0004677   0.3962    -0.5833     -0.0007155   0.4        -0.5855\n      6.382   -0.0009393  -0.5901    -0.4008      0.001047    0.5787      0.3953\n      6.46     0.0009213   0.5796     0.3939      0.001067    0.5891      0.4022\n"
    },
    "title": "",
    "repr": "\u001b[33m--------------\nTrap potential analysis for ion Ca40: \u001b[39m\n\u001b[33mEquilibrium position [um]\u001b[39m\n[-99.808    0.0011  67.082 ]\n\u001b[33mGradient [V/m]\u001b[39m\n[-0.2083  0.6643  0.0702]\n\u001b[33mDisplacement at 1 MHz [um]\u001b[39m\n[-0.0127  0.0406  0.0043]\n\u001b[33mHessian [V/m2]\u001b[39m\n[[1.6351e+07 7.2524e+05 5.9592e+05]\n [7.2524e+05 6.2775e+08 7.9967e+07]\n [5.9592e+05 7.9967e+07 5.6480e+08]]\n\u001b[33mNormal mode frequencies [MHz]\u001b[39m\n[0.999944 5.58664 6.45927]\n\u001b[33mEigenvectors\u001b[39m\n[[\u001b[32m1\u001b[39m -0.00106 -0.000931]\n [-0.000171 0.563 -0.827]\n [0.0014 0.827 0.563]]\n\u001b[33mTilt angle of mode 2 (6.46): 34.26\u00b0\u001b[39m\n\u001b[33m--------------\nMode solver analysis for ion crystal [Ca40, Ca40]: \u001b[39m\n\u001b[33mEquilibrium positions [um]\u001b[39m\n[[-102.6062    0.0035   67.0837]\n [ -97.       -0.0025   67.0785]]\n\u001b[33mNormal modes\u001b[39m\n  Freq [MHz]                   Ca40                                Ca40\n------------  ----------  ---------  ----------  ----------  ----------  ---------\n      0.9994   0.7091     -0.001025  -0.0001525   0.7051     -0.0004802  -0.001165\n      1.731    0.7051     -0.001029  -0.0001341  -0.7091      0.0004725   0.00119\n      5.497   -0.00045    -0.3986     0.5865     -0.0006918   0.3976     -0.5823\n      5.587    0.0004677   0.3962    -0.5833     -0.0007155   0.4        -0.5855\n      6.382   -0.0009393  -0.5901    -0.4008      0.001047    0.5787      0.3953\n      6.46     0.0009213   0.5796     0.3939      0.001067    0.5891      0.4022\n"
  },
  {
    "_printoptions": {
      "precision": 4,
      "format_char": "g"
    },
    "ion": "Ca40",
    "x_eq": [
      -9.917977562315071e-05,
      3.620266538787871e-11,
      6.708202074887294e-05
    ],
    "fun": -0.5370364866318192,
    "jac": [
      -0.0018394312829599357,
      0.014251899245477026,
      -0.008793398628018183
    ],
    "hess": [
      [
        16351259.246669823,
        713985.5790401909,
        675784.4071708228
      ],
      [
        713985.5790401909,
        625500235.9134727,
        79998978.74109495
      ],
      [
        675784.4071708228,
        79998978.74109495,
        567044195.3652065
      ]
    ],
    "shift": [
      -1.1249455174708346e-10,
      8.716069102536054e-10,
      -5.377800443844414e-10
    ],
    "mode_freqs": [
      999954.2267143766,
      5590844.3210595045,
      6455639.599349489
    ],
    "mode_vectors": [
      [
        0.9999988884984164,
        -0.0010306012470930885,
        -0.001077433525211176
      ],
      [
        -0.00029234463039641616,
        0.5730771043602636,
        -0.8195014014586386
      ],
      [
        0.0014620316511064987,
        0.8195008055634388,
        0.5730761660934139
      ]
    ],
    "mode_angle": 34.965058779479484,
    "minimize_results": {
      "x": [
        -9.917977562315071e-05,
        3.620266538787871e-11,
        6.708202074887294e-05
      ],
      "fun": -0.5370364866318192,
      "jac": [
        -0.0018394312829599357,
        0.014251899245477026,
        -0.008793398628018183
      ],
      "nfev": 16,
      "nit": 7,
      "status": 1,
      "message": "Converged (|f_n-f_(n-1)| ~= 0)",
      "success": true
    },
    "mode_solver_results": {
      "_printoptions": {
        "precision": 4,
        "format_char": "g"
      },
      "x0": [
        [
          -5.122762495127624e-06,
          -6.727573276667436e-08,
          6.7096563892416e-05
        ],
        [
          4.991125649567421e-06,
          2.9391948616077912e-08,
          6.705494032967744e-05
        ]
      ],
      "ions": [
        "Ca40",
        "Ca40"
      ],
      "x_eq": [
        [
          -0.00010199191005067363,
          3.4242478710784974e-09,
          6.708404612498702e-05
        ],
        [
          -9.63855611828183e-05,
          -2.3863695165886842e-09,
          6.707815250907892e-05
        ]
      ],
      "fun": -1.0736876771223207,
      "jac": [
        -0.002817688865214052,
        -0.004756194784013873,
        0.03157767309488658,
        -0.0071698750313728965,
        0.00044981990873246835,
        -0.041697102412838645
      ],
      "hess": [
        [
          32780952.473225683,
          519318.5230750505,
          1002464.9179232833,
          -16343256.560564538,
          25408.11759805581,
          25771.045670406125
        ],
        [
          519318.5230750505,
          617306972.7671695,
          80104465.2732534,
          25408.11759805581,
          8171628.659120165,
          -26.7100192300575
        ],
        [
          1002464.9179232833,
          80104465.2732534,
          559226097.6519233,
          25771.045670406125,
          -26.7100192300575,
          8171627.901444371
        ],
        [
          -16343256.560564538,
          25408.11759805581,
          25771.045670406125,
          32575642.76167755,
          859189.3582138512,
          297178.8663752928
        ],
        [
          25408.11759805581,
          8171628.659120165,
          -26.7100192300575,
          859189.3582138512,
          617472555.972371,
          79868327.09776889
        ],
        [
          25771.045670406125,
          -26.7100192300575,
          8171627.901444371,
          297178.8663752928,
          79868327.09776887,
          558628514.6394155
        ]
      ],
      "trap_pot": [
        -0.5369725429589622,
        -0.5369719792175509
      ],
      "mode_freqs": [
        999438.624252222,
        1731455.9367391658,
        5501110.582147448,
        5591221.360131044,
        6377976.892603694,
        6455871.300059327
      ],
      "mode_vectors": [
        [
          [
            0.7093143990526314,
            -0.001003452578542912,
            -0.00025537003242648336
          ],
          [
            0.7048902075144694,
            -0.0004569804116628662,
            -0.0012639955636092812
          ]
        ],
        [
          [
            0.7048907297821027,
            -0.001006705525435646,
            -0.0002381192991714158
          ],
          [
            -0.7093138371391643,
            0.000449124754363428,
            0.0012913714837467366
          ]
        ],
        [
          [
            -0.0003630383695709116,
            -0.4060679073290337,
            0.5821961122692279
          ],
          [
            -0.0007739799799661122,
            0.4043220776941244,
            -0.5767837273564987
          ]
        ],
        [
          [
            0.00038194009483011326,
            0.4028133203704956,
            -0.5778388122174098
          ],
          [
            -0.0007980872374123325,
            0.40758766042972133,
            -0.5811327320597436
          ]
        ],
        [
          [
            -0.0009758320288052458,
            -0.5854955184289065,
            -0.408154619396477
          ],
          [
            0.0010935797773451784,
            0.573445454049148,
            0.4021976723334846
          ]
        ],
        [
          [
            0.0009552175753931857,
            0.5744939173708374,
            0.40069898765087103
          ],
          [
            0.0011152973352345284,
            0.5844278032749289,
            0.4096816405819971
          ]
        ]
      ],
      "minimize_results": {
        "x": [
          -9.63855611828183e-05,
          -2.3863695165886842e-09,
          6.707815250907892e-05,
          -0.00010199191005067363,
          3.4242478710784974e-09,
          6.708404612498702e-05
        ],
        "fun": -1.0736876771223207,
        "jac": [
          -0.002817688865214052,
          -0.004756194784013873,
          0.03157767309488658,
          -0.0071698750313728965,
          0.00044981990873246835,
          -0.041697102412838645
        ],
        "nfev": 22,
        "nit": 6,
        "status": 1,
        "message": "Converged (|f_n-f_(n-1)| ~= 0)",
        "success": true
      },
      "title": "",
      "repr": "\u001b[33m--------------\nMode solver analysis for ion crystal [Ca40, Ca40]: \u001b[39m\n\u001b[33mEquilibrium positions [um]\u001b[39m\n[[-101.9919    0.0034   67.084 ]\n [ -96.3856   -0.0024   67.0782]]\n\u001b[33mNormal modes\u001b[39m\n  Freq [MHz]                   Ca40                                Ca40\n------------  ----------  ---------  ----------  ----------  ----------  ---------\n      0.9994   0.7093     -0.001003  -0.0002554   0.7049     -0.000457   -0.001264\n      1.731    0.7049     -0.001007  -0.0002381  -0.7093      0.0004491   0.001291\n      5.501   -0.000363   -0.4061     0.5822     -0.000774    0.4043     -0.5768\n      5.591    0.0003819   0.4028    -0.5778     -0.0007981   0.4076     -0.5811\n      6.378   -0.0009758  -0.5855    -0.4082      0.001094    0.5734      0.4022\n      6.456    0.0009552   0.5745     0.4007      0.001115    0.5844      0.4097\n"
    },
    "title": "",
    "repr": "\u001b[33m--------------\nTrap potential analysis for ion Ca40: \u001b[39m\n\u001b[33mEquilibrium position [um]\u001b[39m\n[-99.1798   0.      67.082 ]\n\u001b[33mGradient [V/m]\u001b[39m\n[-0.0018  0.0143 -0.0088]\n\u001b[33mDisplacement at 1 MHz [um]\u001b[39m\n[-0.0001  0.0009 -0.0005]\n\u001b[33mHessian [V/m2]\u001b[39m\n[[1.6351e+07 7.1399e+05 6.7578e+05]\n [7.1399e+05 6.2550e+08 7.9999e+07]\n [6.7578e+05 7.9999e+07 5.6704e+08]]\n\u001b[33mNormal mode frequencies [MHz]\u001b[39m\n[0.999954 5.59084 6.45564]\n\u001b[33mEigenvectors\u001b[39m\n[[\u001b[32m1\u001b[39m -0.00103 -0.00108]\n [-0.000292 0.573 -0.82]\n [0.00146 0.82 0.573]]\n\u001b[33mTilt angle of mode 2 (6.46): 34.97\u00b0\u001b[39m\n\u001b[33m--------------\nMode solver analysis for ion crystal [Ca40, Ca40]: \u001b[39m\n\u001b[33mEquilibrium positions [um]\u001b[39m\n[[-101.9919    0.0034   67.084 ]\n [ -96.3856   -0.0024   67.0782]]\n\u001b[33mNormal modes\u001b[39m\n  Freq [MHz]                   Ca40                                Ca40\n------------  ----------  ---------  ----------  ----------  ----------  ---------\n      0.9994   0.7093     -0.001003  -0.0002554   0.7049     -0.000457   -0.001264\n      1.731    0.7049     -0.001007  -0.0002381  -0.7093      0.0004491   0.001291\n      5.501   -0.000363   -0.4061     0.5822     -0.000774    0.4043     -0.5768\n      5.591    0.0003819   0.4028    -0.5778     -0.0007981   0.4076     -0.5811\n      6.378   -0.0009758  -0.5855    -0.4082      0.001094    0.5734      0.4022\n      6.456    0.0009552   0.5745     0.4007      0.001115    0.5844      0.4097\n"
  },
  {
    "_printoptions": {
      "precision": 4,
      "format_char": "g"
    },
    "ion": "Ca40",
    "x_eq": [
      -9.815665277928569e-05,
      3.855850096030148e-11,
      6.708202476959368e-05
    ],
    "fun": -0.5190095881175936,
    "jac": [
      -0.0017182995897258024,
      0.015968066674976276,
      -0.006431954456146164
    ],
    "hess": [
      [
        16351258.835747965,
        733308.251098938,
        740625.7135511821
      ],
      [
        733308.251098938,
        623423727.1193004,
        79998897.27721141
      ],
      [
        740625.7135511821,
        79998897.27721141,
        569120269.822265
      ]
    ],
    "shift": [
      -1.0508647096745705e-10,
      9.765629841732571e-10,
      -3.9336062189694667e-10
    ],
    "mode_freqs": [
      999948.504952032,
      5594616.308306323,
      6452369.803166974
    ],
    "mode_vectors": [
      [
        0.9999987419633429,
        -0.0010514278986555117,
        -0.0011876746631595276
      ],
      [
        -0.00035292448650072085,
        0.5824987099676353,
        -0.812831549787745
      ],
      [
        0.0015464527275059023,
        0.81283094637533,
        0.5824976060882543
      ]
    ],
    "mode_angle": 35.62645246715475,
    "minimize_results": {
      "x": [
        -9.815665277928569e-05,
        3.855850096030148e-11,
        6.708202476959368e-05
      ],
      "fun": -0.5190095881175936,
      "jac": [
        -0.0017182995897258024,
        0.015968066674976276,
        -0.006431954456146164
      ],
      "nfev": 16,
      "nit": 7,
      "status": 1,
      "message": "Converged (|f_n-f_(n-1)| ~= 0)",
      "success": true
    },
    "mode_solver_results": {
      "_printoptions": {
        "precision": 4,
        "format_char": "g"
      },
      "x0": [
        [
          -4.98095619016444e-06,
          -1.9561811583796332e-08,
          6.705653831434003e-05
        ],
        [
          4.920561557780173e-06,
          4.804454269192648e-08,
          6.705619973292412e-05
        ]
      ],
      "ions": [
        "Ca40",
        "Ca40"
      ],
      "x_eq": [
        [
          -0.00010096916384150358,
          3.4888929514305977e-09,
          6.708443980696398e-05
        ],
        [
          -9.536288963443859e-05,
          -2.4300879118600747e-09,
          6.707779098109965e-05
        ]
      ],
      "fun": -1.0376338815791157,
      "jac": [
        -0.0006156298700048524,
        -0.0016172551984762334,
        0.0018128187743330082,
        -0.00026751838515082227,
        0.00933003378917964,
        0.0035678572708487677
      ],
      "hess": [
        [
          32789760.811016947,
          538014.2327893135,
          1064639.3491370324,
          -16343892.75410567,
          25883.315768662764,
          29074.880171464352
        ],
        [
          538014.2327893135,
          615226513.7649233,
          80107164.61964726,
          25883.315768662764,
          8171949.954380942,
          -30.696618285365943
        ],
        [
          1064639.3491370324,
          80107164.61964726,
          561336853.1373173,
          29074.880171464352,
          -30.696618285365943,
          8171942.799724731
        ],
        [
          -16343892.75410567,
          25883.315768662764,
          29074.880171464352,
          32568323.739540495,
          878211.4732162716,
          358200.4761144169
        ],
        [
          25883.315768662764,
          8171949.954380942,
          -30.696618285365943,
          878211.4732162716,
          615398327.0564542,
          79865000.38987215
        ],
        [
          29074.880171464352,
          -30.696618285365943,
          8171942.799724731,
          358200.4761144169,
          79865000.38987213,
          560667503.3033922
        ]
      ],
      "trap_pot": [
        -0.5189456550328061,
        -0.5189450749770965
      ],
      "mode_freqs": [
        999434.633877413,
        1731478.2362395737,
        5504937.443182516,
        5594991.440394245,
        6374657.784564768,
        6452598.667860671
      ],
      "mode_vectors": [
        [
          [
            0.7094865895754734,
            -0.0010194776047748122,
            -0.00033482085236986414
          ],
          [
            0.7047166877253208,
            -0.0004705561429891869,
            -0.0013402952445742133
          ]
        ],
        [
          [
            0.7047173070194859,
            -0.0010225234830473827,
            -0.0003152741986578152
          ],
          [
            -0.7094859328973424,
            0.0004633039960648677,
            0.0013669693866063815
          ]
        ],
        [
          [
            -0.0003205797570514646,
            -0.41306880802916124,
            0.5780329003107724
          ],
          [
            -0.000812945387629562,
            0.41063970096341207,
            -0.5715123781098534
          ]
        ],
        [
          [
            0.00033749033547786356,
            0.4090065038813468,
            -0.572682799830633
          ],
          [
            -0.000840368026140614,
            0.4147167856158871,
            -0.576851157727177
          ]
        ],
        [
          [
            -0.0010313201160235819,
            -0.5814290659333522,
            -0.4152576621843606
          ],
          [
            0.0011559402307903218,
            0.568069941046819,
            0.4084059959710597
          ]
        ],
        [
          [
            0.0010080215661782965,
            0.5692328135439267,
            0.40678402061882774
          ],
          [
            0.001182271457833828,
            0.5802423025999502,
            0.41691392511437586
          ]
        ]
      ],
      "minimize_results": {
        "x": [
          -9.536288963443859e-05,
          -2.4300879118600747e-09,
          6.707779098109965e-05,
          -0.00010096916384150358,
          3.4888929514305977e-09,
          6.708443980696398e-05
        ],
        "fun": -1.0376338815791157,
        "jac": [
          -0.0006156298700048524,
          -0.0016172551984762334,
          0.0018128187743330082,
          -0.00026751838515082227,
          0.00933003378917964,
          0.0035678572708487677
        ],
        "nfev": 19,
        "nit": 5,
        "status": 0,
        "message": "Local minimum reached (|pg| ~= 0)",
        "success": true
      },
      "title": "",
      "repr": "\u001b[33m--------------\nMode solver analysis for ion crystal [Ca40, Ca40]: \u001b[39m\n\u001b[33mEquilibrium positions [um]\u001b[39m\n[[-100.9692    0.0035   67.0844]\n [ -95.3629   -0.0024   67.0778]]\n\u001b[33mNormal modes\u001b[39m\n  Freq [MHz]                   Ca40                                Ca40\n------------  ----------  ---------  ----------  ----------  ----------  ---------\n      0.9994   0.7095     -0.001019  -0.0003348   0.7047     -0.0004706  -0.00134\n      1.731    0.7047     -0.001023  -0.0003153  -0.7095      0.0004633   0.001367\n      5.505   -0.0003206  -0.4131     0.578      -0.0008129   0.4106     -0.5715\n      5.595    0.0003375   0.409     -0.5727     -0.0008404   0.4147     -0.5769\n      6.375   -0.001031   -0.5814    -0.4153      0.001156    0.5681      0.4084\n      6.453    0.001008    0.5692     0.4068      0.001182    0.5802      0.4169\n"
    },
    "title": "",
    "repr": "\u001b[33m--------------\nTrap potential analysis for ion Ca40: \u001b[39m\n\u001b[33mEquilibrium position [um]\u001b[39m\n[-98.1567   0.      67.082 ]\n\u001b[33mGradient [V/m]\u001b[39m\n[-0.0017  0.016  -0.0064]\n\u001b[33mDisplacement at 1 MHz [um]\u001b[39m\n[-0.0001  0.001  -0.0004]\n\u001b[33mHessian [V/m2]\u001b[39m\n[[1.6351e+07 7.3331e+05 7.4063e+05]\n [7.3331e+05 6.2342e+08 7.9999e+07]\n [7.4063e+05 7.9999e+07 5.6912e+08]]\n\u001b[33mNormal mode frequencies [MHz]\u001b[39m\n[0.999949 5.59462 6.45237]\n\u001b[33mEigenvectors\u001b[39m\n[[\u001b[32m1\u001b[39m -0.00105 -0.00119]\n [-0.000353 0.582 -0.813]\n [0.00155 0.813 0.582]]\n\u001b[33mTilt angle of mode 2 (6.45): 35.63\u00b0\u001b[39m\n\u001b[33m--------------\nMode solver analysis for ion crystal [Ca40, Ca40]: \u001b[39m\n\u001b[33mEquilibrium positions [um]\u001b[39m\n[[-100.9692    0.0035   67.0844]\n [ -95.3629   -0.0024   67.0778]]\n\u001b[33mNormal modes\u001b[39m\n  Freq [MHz]                   Ca40                                Ca40\n------------  ----------  ---------  ----------  ----------  ----------  ---------\n      0.9994   0.7095     -0.001019  -0.0003348   0.7047     -0.0004706  -0.00134\n      1.731    0.7047     -0.001023  -0.0003153  -0.7095      0.0004633   0.001367\n      5.505   -0.0003206  -0.4131     0.578      -0.0008129   0.4106     -0.5715\n      5.595    0.0003375   0.409     -0.5727     -0.0008404   0.4147     -0.5769\n      6.375   -0.001031   -0.5814    -0.4153      0.001156    0.5681      0.4084\n      6.453    0.001008    0.5692     0.4068      0.001182    0.5802      0.4169\n"
  },
  {
    "_printoptions": {
      "precision": 4,
      "format_char": "g"
    },
    "ion": "Ca40",
    "x_eq": [
      -9.673528343895883e-05,
      2.2229873429375989e-10,
      6.708043122159919e-05
    ],
    "fun": -0.512544063734615,
    "jac": [
      -0.08637672495022741,
      -0.0017942632267886338,
      -0.9038465112429399
    ],
    "hess": [
      [
        16350832.71327579,
        881206.189933551,
        792621.5526787585
      ],
      [
        881206.189933551,
        622583641.7972746,
        79999342.68614519
      ],
      [
        792621.5526787585,
        79999342.68614519,
        570133098.6903564
      ]
    ],
    "shift": [
      -5.282562629369284e-09,
      -1.0973219781772041e-10,
      -5.527676356945723e-08
    ],
    "mode_freqs": [
      999921.030220589,
      5596688.00881855,
      6451393.992844002
    ],
    "mode_vectors": [
      [
        0.9999983938326193,
        -0.0012892741824149572,
        -0.0012450318323079567
      ],
      [
        -0.00025175752902668885,
        0.5867264116312315,
        -0.8097851903514197
      ],
      [
        0.001774528198558772,
        0.8097842031469991,
        0.5867251446659252
      ]
    ],
    "mode_angle": 35.925022655769126,
    "minimize_results": {
      "x": [
        -9.673528343895883e-05,
        2.2229873429375989e-10,
        6.708043122159919e-05
      ],
      "fun": -0.512544063734615,
      "jac": [
        -0.08637672495022741,
        -0.0017942632267886338,
        -0.9038465112429399
      ],
      "nfev": 14,
      "nit": 6,
      "status": 1,
      "message": "Converged (|f_n-f_(n-1)| ~= 0)",
      "success": true
    },
    "mode_solver_results": {
      "_printoptions": {
        "precision": 4,
        "format_char": "g"
      },
      "x0": [
        [
          -4.996709928765529e-06,
          -1.2577443363139895e-08,
          6.709729560305478e-05
        ],
        [
          5.033361798910084e-06,
          1.4794080124216626e-08,
          6.707292030127357e-05
        ]
      ],
      "ions": [
        "Ca40",
        "Ca40"
      ],
      "x_eq": [
        [
          -9.954308278409473e-05,
          4.138673857522401e-09,
          6.708460158324571e-05
        ],
        [
          -9.39368290151113e-05,
          -3.0981739834480724e-09,
          6.70776427152194e-05
        ]
      ],
      "fun": -1.0247028380617764,
      "jac": [
        -0.000501712996715753,
        -0.008000694097986483,
        0.013430747344796448,
        0.0028161391334222685,
        -0.006091422251506218,
        0.003002329551414204
      ],
      "hess": [
        [
          32796157.795582548,
          677372.6312889758,
          1118719.7679213108,
          -16344037.874008976,
          31646.66898947549,
          30431.06581890496
        ],
        [
          677372.6312889758,
          614328392.7804081,
          80130036.01983687,
          31646.66898947548,
          8172017.397977005,
          -39.28202361947406
        ],
        [
          1118719.7679213108,
          80130036.01983687,
          562244615.0583321,
          30431.06581890496,
          -39.28202361947406,
          8172020.476031965
        ],
        [
          -16344037.874008976,
          31646.66898947549,
          30431.06581890496,
          32562969.965016425,
          1022410.5904512753,
          406856.71433194197
        ],
        [
          31646.66898947548,
          8172017.397977005,
          -39.28202361947406,
          1022410.5904512753,
          614517563.91026,
          79842668.82250014
        ],
        [
          30431.06581890496,
          -39.28202361947406,
          8172020.476031965,
          406856.71433194197,
          79842668.82250014,
          561536132.1362853
        ]
      ],
      "trap_pot": [
        -0.5124801446870522,
        -0.5124795426537911
      ],
      "mode_freqs": [
        999430.2428379924,
        1731482.8647040355,
        5506495.944674344,
        5596524.355599851,
        6373304.99002356,
