[
  {
    "_printoptions": {
      "precision": 4,
      "format_char": "g"
    },
    "ion": "Ca40",
    "x_eq": [
      -5.39696529211833e-05,
      -2.288408175304584e-07,
      6.76911387066585e-05
    ],
    "fun": -1.843142276408416,
    "jac": [
      0.042961231220942864,
      0.2519002148599725,
      -0.4496731800013549
    ],
    "hess": [
      [
        16725534.976515863,
        2144485.3708174694,
        -240635.51980131585
      ],
      [
        2144485.3708174694,
        736279284.934155,
        87454652.37152284
      ],
      [
        -240635.51980131585,
        87454652.37152284,
        391763340.37939394
      ]
    ],
    "shift": [
      2.6273905926650695e-09,
      1.540552344530493e-08,
      -2.7500773356174237e-08
    ],
    "mode_freqs": [
      1011164.9840474525,
      4762280.197978073,
      6805079.04832556
    ],
    "mode_vectors": [
      [
        0.9999941007451484,
        -0.003147434681208111,
        0.0013755471019306531
      ],
      [
        0.0020702811122533743,
        0.23272750630528272,
        -0.9725397790039444
      ],
      [
        0.002740877782453705,
        0.972536889513119,
        0.23273264946098438
      ]
    ],
    "mode_angle": 13.458059316346391,
    "minimize_results": {
      "x": [
        -5.39696529211833e-05,
        -2.288408175304584e-07,
        6.76911387066585e-05
      ],
      "fun": -1.843142276408416,
      "jac": [
        0.042961231220942864,
        0.2519002148599725,
        -0.4496731800013549
      ],
      "nfev": 11,
      "nit": 5,
      "status": 1,
      "message": "Converged (|f_n-f_(n-1)| ~= 0)",
      "success": true
    },
    "mode_solver_results": {
      "_printoptions": {
        "precision": 4,
        "format_char": "g"
      },
      "x0": [
        [
          -5.003747877731282e-06,
          -4.69714295190886e-08,
          6.707377835443128e-05
        ],
        [
          5.014458344917778e-06,
          -3.716456751629104e-08,
          6.71313277452622e-05
        ]
      ],
      "ions": [
        "Ca40",
        "Ca40"
      ],
      "x_eq": [
        [
          -5.6753692107788436e-05,
          -2.2024672940896058e-07,
          6.768674995386087e-05
        ],
        [
          -5.1189544382928846e-05,
          -2.3776114187062852e-07,
          6.769441291833562e-05
        ]
      ],
      "fun": -3.685896362373819,
      "jac": [
        0.00011154090335452338,
        5.836813809775854e-05,
        0.0007128489378328134,
        -6.863700124171146e-05,
        -5.6169028424729595e-05,
        0.0011602149233499864
      ],
      "hess": [
        [
          33448979.179209676,
          2123408.4127502795,
          -699285.0220221694,
          -16717466.437906655,
          78933.47154201943,
          -34535.23717221212
        ],
        [
          2123408.4127502795,
          728092776.5551459,
          87100881.97149105,
          78933.47154201943,
          8358632.769510096,
          108.7074639649172
        ],
        [
          -699285.0220221694,
          87100881.97149105,
          383675976.83726865,
          -34535.23717221212,
          108.7074639649172,
          8358833.668396559
        ],
        [
          -16717466.437906655,
          78933.47154201943,
          -34535.23717221212,
          33433046.288858317,
          2008169.5114991786,
          285245.4447784476
        ],
        [
          78933.47154201943,
          8358632.769510096,
          108.7074639649172,
          2008169.5114991786,
          727811650.1429012,
          87822900.80756788
        ],
        [
          -34535.23717221212,
          108.7074639649172,
          8358833.668396559,
          285245.4447784476,
          87822900.80756788,
          383188292.0231303
        ]
      ],
      "trap_pot": [
        -1.8430775932549321,
        -1.8430775609626386
      ],
      "mode_freqs": [
        1011082.9841647322,
        1751317.01626404,
        4653797.796804102,
        4762503.445516801,
        6729697.106653439,
        6805235.962146537
      ],
      "mode_vectors": [
        [
          [
            0.7069676462453428,
            -0.002407912037350135,
            0.001986208665070036
          ],
          [
            0.7072360500936414,
            -0.0020425402523358625,
            -3.967795813675249e-05
          ]
        ],
        [
          [
            -0.7072319207443928,
            0.0024198728832037775,
            -0.002039258890447708
          ],
          [
            0.706971614908174,
            -0.002030549029365583,
            -9.221371978682077e-05
          ]
        ],
        [
          [
            0.002428897033220269,
            0.1600530120639253,
            -0.6710114753412182
          ],
          [
            -0.00044722682075185163,
            -0.16902343067470704,
            0.7039542695516463
          ]
        ],
        [
          [
            -0.002603982788711697,
            -0.16792221708449406,
            0.7042130942000198
          ],
          [
            -0.0003740872802648267,
            -0.16110237498930527,
            0.6707646018327226
          ]
        ],
        [
          [
            0.0018838529783197664,
            0.6885420879975874,
            0.16419122020433524
          ],
          [
            -0.001992842308047962,
            -0.6868272438158921,
            -0.1649601560786447
          ]
        ],
        [
          [
            -0.0018783698544433856,
            -0.6870831838791174,
            -0.1638922131272983
          ],
          [
            -0.0019984465177725224,
            -0.6882856577816948,
            -0.16526152648755443
          ]
        ]
      ],
      "minimize_results": {
        "x": [
          -5.6753692107788436e-05,
          -2.2024672940896058e-07,
          6.768674995386087e-05,
          -5.1189544382928846e-05,
          -2.3776114187062852e-07,
          6.769441291833562e-05
        ],
        "fun": -3.685896362373819,
        "jac": [
          0.00011154090335452338,
          5.836813809775854e-05,
          0.0007128489378328134,
          -6.863700124171146e-05,
          -5.6169028424729595e-05,
          0.0011602149233499864
        ],
        "nfev": 22,
        "nit": 6,
        "status": 1,
        "message": "Converged (|f_n-f_(n-1)| ~= 0)",
        "success": true
      },
      "title": "",
      "repr": "\u001b[33m--------------\nMode solver analysis for ion crystal [Ca40, Ca40]: \u001b[39m\n\u001b[33mEquilibrium positions [um]\u001b[39m\n[[-56.7537  -0.2202  67.6867]\n [-51.1895  -0.2378  67.6944]]\n\u001b[33mNormal modes\u001b[39m\n  Freq [MHz]                  Ca40                              Ca40\n------------  ---------  ---------  ---------  ----------  ---------  ----------\n       1.011   0.707     -0.002408   0.001986   0.7072     -0.002043  -3.968e-05\n       1.751  -0.7072     0.00242   -0.002039   0.707      -0.002031  -9.221e-05\n       4.654   0.002429   0.1601    -0.671     -0.0004472  -0.169      0.704\n       4.763  -0.002604  -0.1679     0.7042    -0.0003741  -0.1611     0.6708\n       6.73    0.001884   0.6885     0.1642    -0.001993   -0.6868    -0.165\n       6.805  -0.001878  -0.6871    -0.1639    -0.001998   -0.6883    -0.1653\n"
    },
    "title": "",
    "repr": "\u001b[33m--------------\nTrap potential analysis for ion Ca40: \u001b[39m\n\u001b[33mEquilibrium position [um]\u001b[39m\n[-53.9697  -0.2288  67.6911]\n\u001b[33mGradient [V/m]\u001b[39m\n[ 0.043   0.2519 -0.4497]\n\u001b[33mDisplacement at 1 MHz [um]\u001b[39m\n[ 0.0026  0.0154 -0.0275]\n\u001b[33mHessian [V/m2]\u001b[39m\n[[ 1.6726e+07  2.1445e+06 -2.4064e+05]\n [ 2.1445e+06  7.3628e+08  8.7455e+07]\n [-2.4064e+05  8.7455e+07  3.9176e+08]]\n\u001b[33mNormal mode frequencies [MHz]\u001b[39m\n[1.01116 4.76228 6.80508]\n\u001b[33mEigenvectors\u001b[39m\n[[\u001b[32m1\u001b[39m -0.00315 0.00138]\n [0.00207 0.233 \u001b[32m-0.973\u001b[39m]\n [0.00274 \u001b[32m0.973\u001b[39m 0.233]]\n\u001b[33mTilt angle of mode 2 (6.81): 13.46\u00b0\u001b[39m\n\u001b[33m--------------\nMode solver analysis for ion crystal [Ca40, Ca40]: \u001b[39m\n\u001b[33mEquilibrium positions [um]\u001b[39m\n[[-56.7537  -0.2202  67.6867]\n [-51.1895  -0.2378  67.6944]]\n\u001b[33mNormal modes\u001b[39m\n  Freq [MHz]                  Ca40                              Ca40\n------------  ---------  ---------  ---------  ----------  ---------  ----------\n       1.011   0.707     -0.002408   0.001986   0.7072     -0.002043  -3.968e-05\n       1.751  -0.7072     0.00242   -0.002039   0.707      -0.002031  -9.221e-05\n       4.654   0.002429   0.1601    -0.671     -0.0004472  -0.169      0.704\n       4.763  -0.002604  -0.1679     0.7042    -0.0003741  -0.1611     0.6708\n       6.73    0.001884   0.6885     0.1642    -0.001993   -0.6868    -0.165\n       6.805  -0.001878  -0.6871    -0.1639    -0.001998   -0.6883    -0.1653\n"
  },
  {
    "_printoptions": {
      "precision": 4,
      "format_char": "g"
    },
    "ion": "Ca40",
    "x_eq": [
      -5.008309116409839e-05,
      -3.883784781502447e-07,
      6.889053273972973e-05
    ],
    "fun": -1.7865687259728298,
    "jac": [
      -0.0003795072346974848,
      -0.0005306041247195026,
      -0.0033853967897812254
    ],
    "hess": [
      [
        17216528.486655377,
        2214352.1755730687,
        -218087.90762029123
      ],
      [
        2214352.1755730687,
        680192090.4375683,
        88274178.72425094
      ],
      [
        -218087.90762029123,
        88274178.72425094,
        330681142.8017111
      ]
    ],
    "shift": [
      -2.3209617367912642e-11,
      -3.24502870634141e-11,
      -2.0704154478639976e-10
    ],
    "mode_freqs": [
      1025870.2799327101,
      4351728.840489772,
      6548678.102431122
    ],
    "mode_vectors": [
      [
        0.9999921957500848,
        -0.0035663003442606236,
        0.0016999825818812746
      ],
      [
        0.0024801472778860356,
        0.23173165076090668,
        -0.972776588382505
      ],
      [
        0.0030752737120730653,
        0.9727732127980707,
        0.23173868721928156
      ]
    ],
    "mode_angle": 13.399521711684862,
    "minimize_results": {
      "x": [
        -5.008309116409839e-05,
        -3.883784781502447e-07,
        6.889053273972973e-05
      ],
      "fun": -1.7865687259728298,
      "jac": [
        -0.0003795072346974848,
        -0.0005306041247195026,
        -0.0033853967897812254
      ],
      "nfev": 15,
      "nit": 7,
      "status": 0,
      "message": "Local minimum reached (|pg| ~= 0)",
      "success": true
    },
    "mode_solver_results": {
      "_printoptions": {
        "precision": 4,
        "format_char": "g"
      },
      "x0": [
        [
          -5.012595799491111e-06,
          -2.7360695385394298e-08,
          6.702181831821725e-05
        ],
        [
          4.951668687765225e-06,
          5.6068284373788864e-08,
          6.70979082496194e-05
        ]
      ],
      "ions": [
        "Ca40",
        "Ca40"
      ],
      "x_eq": [
        [
          -5.283818043704192e-05,
          -3.7813592944604673e-07,
          6.888363476339671e-05
        ],
        [
          -4.73273251730663e-05,
          -3.9782421327171635e-07,
          6.889332346409292e-05
        ]
      ],
      "fun": -3.5727455089357965,
      "jac": [
        -0.00025831661523056937,
        -0.0022076165700686823,
        -0.0381475503295466,
        -0.002287308605019689,
        0.0017576144914178138,
        0.05993240552425656
      ],
      "hess": [
        [
          34427467.4124709,
          2189124.964628999,
          -652816.2720366796,
          -17206959.002435386,
          92212.05112466865,
          -45378.0010406827
        ],
        [
          2189124.964628999,
          671846573.6269275,
          87895074.09920798,
          92212.05112466865,
          8603354.670941949,
          162.1191123945375
        ],
        [
          -652816.2720366796,
          87895074.09920798,
          322451585.7294136,
          -45378.0010406827,
          162.1191123945375,
          8603604.331493445
        ],
        [
          -17206959.002435386,
          92212.05112466865,
          -45378.0010406827,
          34413578.996817395,
          2055673.5985890012,
          306538.4072886459
        ],
        [
          92212.05112466865,
          8603354.670941949,
          162.1191123945375,
          2055673.5985890012,
          671499404.8220699,
          88640524.50638719
        ],
        [
          -45378.0010406827,
          162.1191123945375,
          8603604.331493445,
          306538.4072886459,
          88640524.50638717,
          321920033.1646481
        ]
      ],
      "trap_pot": [
        -1.786503410067251,
        -1.7865033928172893
      ],
      "mode_freqs": [
        1025756.7941534384,
        1776762.2690965266,
        4229808.364798878,
        4352580.527270913,
        6468222.759640805,
        6549065.606449892
      ],
      "mode_vectors": [
        [
          [
            0.706997619947838,
            -0.002757575713885796,
            0.002411466955813368
          ],
          [
            0.707202749908984,
            -0.0022839473915618135,
            -9.842724861126839e-06
          ]
        ],
        [
          [
            -0.7071966349561122,
            0.0027743059766178746,
            -0.002483386911368406
          ],
          [
            0.7070034803644389,
            -0.0022637250016441838,
            -9.911728210816455e-05
          ]
        ],
        [
          [
            -0.0028967519307338883,
            -0.1591870659143987,
            0.670537542804182
          ],
          [
            0.0005229813223979685,
            0.16845534535146003,
            -0.7047361305318494
          ]
        ],
        [
          [
            0.0031392030981505755,
            0.1673159327281464,
            -0.705000720659262
          ],
          [
            0.0004263498057412132,
            0.1602707734885396,
            -0.6702854655446214
          ]
        ],
        [
          [
            0.00212563071277826,
            0.6875837137042666,
            0.16319052483554647
          ],
          [
            -0.0022250206471259664,
            -0.6881248567750393,
            -0.16453632340025273
          ]
        ],
        [
          [
            -0.0021262222549367346,
            -0.6883881117160986,
            -0.16343273166817346
          ],
          [
            -0.0022233473054990727,
            -0.6873208249497943,
            -0.1642929376553939
          ]
        ]
      ],
      "minimize_results": {
        "x": [
          -5.283818043704192e-05,
          -3.7813592944604673e-07,
          6.888363476339671e-05,
          -4.73273251730663e-05,
          -3.9782421327171635e-07,
          6.889332346409292e-05
        ],
        "fun": -3.5727455089357965,
        "jac": [
          -0.00025831661523056937,
          -0.0022076165700686823,
          -0.0381475503295466,
          -0.002287308605019689,
          0.0017576144914178138,
          0.05993240552425656
        ],
        "nfev": 18,
        "nit": 5,
        "status": 1,
        "message": "Converged (|f_n-f_(n-1)| ~= 0)",
        "success": true
      },
      "title": "",
      "repr": "\u001b[33m--------------\nMode solver analysis for ion crystal [Ca40, Ca40]: \u001b[39m\n\u001b[33mEquilibrium positions [um]\u001b[39m\n[[-52.8382  -0.3781  68.8836]\n [-47.3273  -0.3978  68.8933]]\n\u001b[33mNormal modes\u001b[39m\n  Freq [MHz]                  Ca40                              Ca40\n------------  ---------  ---------  ---------  ----------  ---------  ----------\n       1.026   0.707     -0.002758   0.002411   0.7072     -0.002284  -9.843e-06\n       1.777  -0.7072     0.002774  -0.002483   0.707      -0.002264  -9.912e-05\n       4.23   -0.002897  -0.1592     0.6705     0.000523    0.1685    -0.7047\n       4.353   0.003139   0.1673    -0.705      0.0004263   0.1603    -0.6703\n       6.468   0.002126   0.6876     0.1632    -0.002225   -0.6881    -0.1645\n       6.549  -0.002126  -0.6884    -0.1634    -0.002223   -0.6873    -0.1643\n"
    },
    "title": "",
    "repr": "\u001b[33m--------------\nTrap potential analysis for ion Ca40: \u001b[39m\n\u001b[33mEquilibrium position [um]\u001b[39m\n[-50.0831  -0.3884  68.8905]\n\u001b[33mGradient [V/m]\u001b[39m\n[-0.0004 -0.0005 -0.0034]\n\u001b[33mDisplacement at 1 MHz [um]\u001b[39m\n[-0.     -0.     -0.0002]\n\u001b[33mHessian [V/m2]\u001b[39m\n[[ 1.7217e+07  2.2144e+06 -2.1809e+05]\n [ 2.2144e+06  6.8019e+08  8.8274e+07]\n [-2.1809e+05  8.8274e+07  3.3068e+08]]\n\u001b[33mNormal mode frequencies [MHz]\u001b[39m\n[1.02587 4.35173 6.54868]\n\u001b[33mEigenvectors\u001b[39m\n[[\u001b[32m1\u001b[39m -0.00357 0.0017]\n [0.00248 0.232 \u001b[32m-0.973\u001b[39m]\n [0.00308 \u001b[32m0.973\u001b[39m 0.232]]\n\u001b[33mTilt angle of mode 2 (6.55): 13.40\u00b0\u001b[39m\n\u001b[33m--------------\nMode solver analysis for ion crystal [Ca40, Ca40]: \u001b[39m\n\u001b[33mEquilibrium positions [um]\u001b[39m\n[[-52.8382  -0.3781  68.8836]\n [-47.3273  -0.3978  68.8933]]\n\u001b[33mNormal modes\u001b[39m\n  Freq [MHz]                  Ca40                              Ca40\n------------  ---------  ---------  ---------  ----------  ---------  ----------\n       1.026   0.707     -0.002758   0.002411   0.7072     -0.002284  -9.843e-06\n       1.777  -0.7072     0.002774  -0.002483   0.707      -0.002264  -9.912e-05\n       4.23   -0.002897  -0.1592     0.6705     0.000523    0.1685    -0.7047\n       4.353   0.003139   0.1673    -0.705      0.0004263   0.1603    -0.6703\n       6.468   0.002126   0.6876     0.1632    -0.002225   -0.6881    -0.1645\n       6.549  -0.002126  -0.6884    -0.1634    -0.002223   -0.6873    -0.1643\n"
  },
  {
    "_printoptions": {
      "precision": 4,
      "format_char": "g"
    },
    "ion": "Ca40",
    "x_eq": [
      -4.5863000151532376e-05,
      -3.743652712760338e-07,
      6.840095886438552e-05
    ],
    "fun": -1.773361607863559,
    "jac": [
      0.16185409325146338,
      -1.0163373969698455,
      -1.2103014490606938
    ],
    "hess": [
      [
        17532091.14466102,
        2079539.756791926,
        -212102.3606181508
      ],
      [
        2079539.756791926,
        697714646.2214229,
        89963028.17775576
      ],
      [
        -212102.3606181508,
        89963028.17775576,
        358994068.24611557
      ]
    ],
    "shift": [
      9.898550621284936e-09,
      -6.215639635743362e-08,
      -7.401870363530934e-08
    ],
    "mode_freqs": [
      1035268.8314055627,
      4537023.861606097,
      6636357.607800124
    ],
    "mode_vectors": [
      [
        0.9999936173044074,
        -0.0032527724750262927,
        0.001478114228437609
      ],
      [
        0.0022205382850837047,
        0.24171494323844672,
        -0.9703447611158411
      ],
      [
        0.002799028433416834,
        0.9703418499098448,
        0.24172062335135736
      ]
    ],
    "mode_angle": 13.988171129931414,
    "minimize_results": {
      "x": [
        -4.5863000151532376e-05,
        -3.743652712760338e-07,
        6.840095886438552e-05
      ],
      "fun": -1.773361607863559,
      "jac": [
        0.16185409325146338,
        -1.0163373969698455,
        -1.2103014490606938
      ],
      "nfev": 13,
      "nit": 6,
      "status": 1,
      "message": "Converged (|f_n-f_(n-1)| ~= 0)",
      "success": true
    },
    "mode_solver_results": {
      "_printoptions": {
        "precision": 4,
        "format_char": "g"
      },
      "x0": [
        [
          -5.0240462485533714e-06,
          -4.489969697464551e-08,
          6.70310661713552e-05
        ],
        [
          5.011128390671642e-06,
          -2.35776685805506e-08,
          6.701731929621314e-05
        ]
      ],
      "ions": [
        "Ca40",
        "Ca40"
      ],
      "x_eq": [
        [
          -4.8610360618821274e-05,
          -3.639606620052965e-07,
          6.839790613252661e-05
        ],
        [
          -4.3132934044773905e-05,
          -3.818186862425606e-07,
          6.840636168141639e-05
        ]
      ],
      "fun": -3.5463288854546606,
      "jac": [
        -0.00011242601753025383,
        -0.004360120209368018,
        -0.04869837304416892,
        -0.0019418834758297976,
        0.002660706733463497,
        0.06151211747529674
      ],
      "hess": [
        [
          35064373.13826761,
          2070014.6365532223,
          -657238.4801442405,
          -17524076.81988686,
          85701.03692242029,
          -40578.35838805731
        ],
        [
          2070014.6365532223,
          689081586.96805,
          89555888.36640775,
          85701.03692242029,
          8761930.02520424,
          132.2974024034904
        ],
        [
          -657238.4801442405,
          89555888.36640775,
          350388176.56440675,
          -40578.35838805731,
          132.2974024034904,
          8762146.794682615
        ],
        [
          -17524076.81988686,
          85701.03692242029,
          -40578.35838805731,
          35041770.23900433,
          1919387.779489737,
          310268.5904956575
        ],
        [
          85701.03692242029,
          8761930.02520424,
          132.2974024034904,
          1919387.779489737,
          688781796.1172601,
          90255922.84038562
        ],
        [
          -40578.35838805731,
          132.2974024034904,
          8762146.794682615,
          310268.5904956575,
          90255922.84038562,
          349897547.89826393
        ]
      ],
      "trap_pot": [
        -1.7732959077247334,
        -1.7732958667270973
      ],
      "mode_freqs": [
        1035153.7443994161,
        1793050.7532333245,
        4416869.027453547,
        4536698.004634929,
        6554872.064473847,
        6636120.276338747
      ],
      "mode_vectors": [
        [
          [
            0.7069095362986303,
            -0.002530901035039057,
            0.002164735590920931
          ],
          [
            0.7072930967609901,
            -0.0020703840683848245,
            -6.880323944087645e-05
          ]
        ],
        [
          [
            -0.7072880426527725,
            0.002546445669897812,
            -0.0022259989424945202
          ],
          [
            0.7069143895223857,
            -0.0020518041036660965,
            -0.0001457727035850788
          ]
        ],
        [
          [
            -0.002637594275056084,
            -0.16631561596088673,
            0.6702161247305204
          ],
          [
            0.00043440795038815933,
            0.17521598170235153,
            -0.7017418871501174
          ]
        ],
        [
          [
            0.002843358655755124,
            0.1741516613792585,
            -0.7020011541960204
          ],
          [
            0.0003545279213537982,
            0.16733174679674634,
            -0.6699682488609113
          ]
        ],
        [
          [
            0.0019372066471210906,
            0.6866466149507531,
            0.17034920740616502
          ],
          [
            -0.0020242895427569694,
            -0.6856828276380261,
            -0.17125648331475837
          ]
        ],
        [
          [
            -0.0019333517183344703,
            -0.6859401220642136,
            -0.1702240642308823
          ],
          [
            -0.0020270697999829473,
            -0.6863891095887823,
            -0.17138278874008936
          ]
        ]
      ],
      "minimize_results": {
        "x": [
          -4.8610360618821274e-05,
          -3.639606620052965e-07,
          6.839790613252661e-05,
          -4.3132934044773905e-05,
          -3.818186862425606e-07,
          6.840636168141639e-05
        ],
        "fun": -3.5463288854546606,
        "jac": [
          -0.00011242601753025383,
          -0.004360120209368018,
          -0.04869837304416892,
          -0.0019418834758297976,
          0.002660706733463497,
          0.06151211747529674
        ],
        "nfev": 18,
        "nit": 5,
        "status": 1,
        "message": "Converged (|f_n-f_(n-1)| ~= 0)",
        "success": true
      },
      "title": "",
      "repr": "\u001b[33m--------------\nMode solver analysis for ion crystal [Ca40, Ca40]: \u001b[39m\n\u001b[33mEquilibrium positions [um]\u001b[39m\n[[-48.6104  -0.364   68.3979]\n [-43.1329  -0.3818  68.4064]]\n\u001b[33mNormal modes\u001b[39m\n  Freq [MHz]                  Ca40                              Ca40\n------------  ---------  ---------  ---------  ----------  ---------  ----------\n       1.035   0.7069    -0.002531   0.002165   0.7073     -0.00207   -6.88e-05\n       1.793  -0.7073     0.002546  -0.002226   0.7069     -0.002052  -0.0001458\n       4.417  -0.002638  -0.1663     0.6702     0.0004344   0.1752    -0.7017\n       4.537   0.002843   0.1742    -0.702      0.0003545   0.1673    -0.67\n       6.555   0.001937   0.6866     0.1703    -0.002024   -0.6857    -0.1713\n       6.636  -0.001933  -0.6859    -0.1702    -0.002027   -0.6864    -0.1714\n"
    },
    "title": "",
    "repr": "\u001b[33m--------------\nTrap potential analysis for ion Ca40: \u001b[39m\n\u001b[33mEquilibrium position [um]\u001b[39m\n[-45.863   -0.3744  68.401 ]\n\u001b[33mGradient [V/m]\u001b[39m\n[ 0.1619 -1.0163 -1.2103]\n\u001b[33mDisplacement at 1 MHz [um]\u001b[39m\n[ 0.0099 -0.0622 -0.074 ]\n\u001b[33mHessian [V/m2]\u001b[39m\n[[ 1.7532e+07  2.0795e+06 -2.1210e+05]\n [ 2.0795e+06  6.9771e+08  8.9963e+07]\n [-2.1210e+05  8.9963e+07  3.5899e+08]]\n\u001b[33mNormal mode frequencies [MHz]\u001b[39m\n[1.03527 4.53702 6.63636]\n\u001b[33mEigenvectors\u001b[39m\n[[\u001b[32m1\u001b[39m -0.00325 0.00148]\n [0.00222 0.242 \u001b[32m-0.97\u001b[39m]\n [0.0028 \u001b[32m0.97\u001b[39m 0.242]]\n\u001b[33mTilt angle of mode 2 (6.64): 13.99\u00b0\u001b[39m\n\u001b[33m--------------\nMode solver analysis for ion crystal [Ca40, Ca40]: \u001b[39m\n\u001b[33mEquilibrium positions [um]\u001b[39m\n[[-48.6104  -0.364   68.3979]\n [-43.1329  -0.3818  68.4064]]\n\u001b[33mNormal modes\u001b[39m\n  Freq [MHz]                  Ca40                              Ca40\n------------  ---------  ---------  ---------  ----------  ---------  ----------\n       1.035   0.7069    -0.002531   0.002165   0.7073     -0.00207   -6.88e-05\n       1.793  -0.7073     0.002546  -0.002226   0.7069     -0.002052  -0.0001458\n       4.417  -0.002638  -0.1663     0.6702     0.0004344   0.1752    -0.7017\n       4.537   0.002843   0.1742    -0.702      0.0003545   0.1673    -0.67\n       6.555   0.001937   0.6866     0.1703    -0.002024   -0.6857    -0.1713\n       6.636  -0.001933  -0.6859    -0.1702    -0.002027   -0.6864    -0.1714\n"
  },
  {
    "_printoptions": {
      "precision": 4,
      "format_char": "g"
    },
    "ion": "Ca40",
    "x_eq": [
      -4.087373558714421e-05,
      -2.9792639728636757e-07,
      6.779783773254962e-05
    ],
    "fun": -1.7556239951555939,
    "jac": [
      0.0511069015620933,
      0.24221852759791318,
      -0.5073888973810199
    ],
    "hess": [
      [
        17754467.10251939,
        2059685.3575606057,
        -209293.091160818
      ],
      [
        2059685.3575606057,
        720468264.8373983,
        89687899.14575395
      ],
      [
        -209293.091160818,
        89687899.14575395,
        395663387.12801325
      ]
    ],
    "shift": [
      3.1255573587715416e-09,
      1.4813418114276627e-08,
      -3.103050769065776e-08
    ],
    "mode_freqs": [
      1041829.1149332433,
      4773241.385279442,
      6743597.79809555
    ],
    "mode_vectors": [
      [
        0.9999943790876145,
        -0.003095441232265335,
        0.0012884241360498238
      ],
      [
        0.0020202990251764422,
        0.24960868273078995,
        -0.9683446823818719
      ],
      [
        0.002675852205491774,
        0.9683418424032788,
        0.24961353341915762
      ]
    ],
    "mode_angle": 14.454697146510979,
    "minimize_results": {
      "x": [
        -4.087373558714421e-05,
        -2.9792639728636757e-07,
        6.779783773254962e-05
      ],
      "fun": -1.7556239951555939,
      "jac": [
        0.0511069015620933,
        0.24221852759791318,
        -0.5073888973810199
      ],
      "nfev": 11,
      "nit": 5,
      "status": 1,
      "message": "Converged (|f_n-f_(n-1)| ~= 0)",
      "success": true
    },
    "mode_solver_results": {
      "_printoptions": {
        "precision": 4,
        "format_char": "g"
      },
      "x0": [
        [
          -4.97268607534176e-06,
          5.529888287449555e-08,
          6.712387092770761e-05
        ],
        [
          4.999322942731855e-06,
          -8.076068660924126e-08,
          6.71333998765688e-05
        ]
      ],
      "ions": [
        "Ca40",
        "Ca40"
      ],
      "x_eq": [
        [
          -4.360271233931569e-05,
          -2.8962236629054334e-07,
          6.779395751337179e-05
        ],
        [
          -3.814822060631832e-05,
          -3.065100757397117e-07,
          6.780099004715317e-05
        ]
      ],
      "fun": -3.51085199324266,
      "jac": [
        0.0001336345837401609,
        0.0017885518822575719,
        0.000967402001070726,
        0.00013052244758426923,
        0.0009134572172362354,
        7.198052062582644e-05
      ],
      "hess": [
        [
          35512199.62759451,
          2055029.9926814216,
          -664031.6185012006,
          -17746155.261518806,
          82416.55155331611,
          -34320.65104434334
        ],
        [
          2055029.9926814216,
          711746388.1391068,
          89348427.88762672,
          82416.55155331611,
          8872972.170370532,
          106.26053009427996
        ],
        [
          -664031.6185012006,
          89348427.88762672,
          387021159.4081148,
          -34320.65104434334,
          106.26053009427996,
          8873183.091148283
        ],
        [
          -17746155.261518806,
          82416.55155331611,
          -34320.65104434334,
          35481060.0116555,
          1900964.5622826575,
          312642.66558188736
        ],
        [
          82416.55155331611,
          8872972.170370532,
          106.26053009427996,
          1900964.5622826575,
          711499069.3625575,
          90038344.95459524
        ],
        [
          -34320.65104434334,
          106.26053009427996,
          8873183.091148283,
          312642.66558188736,
          90038344.95459522,
          386586414.4533055
        ]
      ],
      "trap_pot": [
        -1.7555580285654637,
        -1.7555579592929875
      ],
      "mode_freqs": [
        1041690.5292430082,
        1804374.1244061792,
        4658192.836590009,
        4773372.210715582,
        6662776.192512018,
        6743731.85648265
      ],
      "mode_vectors": [
        [
          [
            0.7068243826737686,
            -0.002398818641239586,
            0.0019194810239607496
          ],
          [
            0.7073796204729487,
            -0.001979006856071834,
            -9.690707534939042e-05
          ]
        ],
        [
          [
            -0.7073755156874267,
            0.002413722667792717,
            -0.001976628263473791
          ],
          [
            0.7068283135821422,
            -0.001964314112892606,
            -0.00015257204270348597
          ]
        ],
        [
          [
            0.002402664935198572,
            0.17219665073627904,
            -0.6700250260494707
          ],
          [
            -0.0004086227559162116,
            -0.18075009017692273,
            0.6990981641173873
          ]
        ],
        [
          [
            -0.002566252184584661,
            -0.17968371893278973,
            0.6993684155350001
          ],
          [
            -0.0003356877550869757,
            -0.17321834146710807,
            0.6697658459083944
          ]
        ],
        [
          [
            0.0018503251016884423,
            0.6863068859226196,
            0.1763336516964149
          ],
          [
            -0.001935368841279085,
            -0.6831311313122164,
            -0.1766748134034995
          ]
        ],
        [
          [
            -0.001841116982956445,
            -0.6833983849650916,
            -0.17563922008533317
          ],
          [
            -0.0019448256461414492,
            -0.6860385510410035,
            -0.1773737472737766
          ]
        ]
      ],
      "minimize_results": {
        "x": [
          -4.360271233931569e-05,
          -2.8962236629054334e-07,
          6.779395751337179e-05,
          -3.814822060631832e-05,
          -3.065100757397117e-07,
          6.780099004715317e-05
        ],
        "fun": -3.51085199324266,
        "jac": [
          0.0001336345837401609,
          0.0017885518822575719,
          0.000967402001070726,
          0.00013052244758426923,
          0.0009134572172362354,
          7.198052062582644e-05
        ],
        "nfev": 20,
        "nit": 5,
        "status": 1,
        "message": "Converged (|f_n-f_(n-1)| ~= 0)",
        "success": true
      },
      "title": "",
      "repr": "\u001b[33m--------------\nMode solver analysis for ion crystal [Ca40, Ca40]: \u001b[39m\n\u001b[33mEquilibrium positions [um]\u001b[39m\n[[-43.6027  -0.2896  67.794 ]\n [-38.1482  -0.3065  67.801 ]]\n\u001b[33mNormal modes\u001b[39m\n  Freq [MHz]                  Ca40                              Ca40\n------------  ---------  ---------  ---------  ----------  ---------  ----------\n       1.042   0.7068    -0.002399   0.001919   0.7074     -0.001979  -9.691e-05\n       1.804  -0.7074     0.002414  -0.001977   0.7068     -0.001964  -0.0001526\n       4.658   0.002403   0.1722    -0.67      -0.0004086  -0.1808     0.6991\n       4.773  -0.002566  -0.1797     0.6994    -0.0003357  -0.1732     0.6698\n       6.663   0.00185    0.6863     0.1763    -0.001935   -0.6831    -0.1767\n       6.744  -0.001841  -0.6834    -0.1756    -0.001945   -0.686     -0.1774\n"
    },
    "title": "",
    "repr": "\u001b[33m--------------\nTrap potential analysis for ion Ca40: \u001b[39m\n\u001b[33mEquilibrium position [um]\u001b[39m\n[-40.8737  -0.2979  67.7978]\n\u001b[33mGradient [V/m]\u001b[39m\n[ 0.0511  0.2422 -0.5074]\n\u001b[33mDisplacement at 1 MHz [um]\u001b[39m\n[ 0.0031  0.0148 -0.031 ]\n\u001b[33mHessian [V/m2]\u001b[39m\n[[ 1.7754e+07  2.0597e+06 -2.0929e+05]\n [ 2.0597e+06  7.2047e+08  8.9688e+07]\n [-2.0929e+05  8.9688e+07  3.9566e+08]]\n\u001b[33mNormal mode frequencies [MHz]\u001b[39m\n[1.04183 4.77324 6.7436]\n\u001b[33mEigenvectors\u001b[39m\n[[\u001b[32m1\u001b[39m -0.0031 0.00129]\n [0.00202 0.25 \u001b[32m-0.968\u001b[39m]\n [0.00268 \u001b[32m0.968\u001b[39m 0.25]]\n\u001b[33mTilt angle of mode 2 (6.74): 14.45\u00b0\u001b[39m\n\u001b[33m--------------\nMode solver analysis for ion crystal [Ca40, Ca40]: \u001b[39m\n\u001b[33mEquilibrium positions [um]\u001b[39m\n[[-43.6027  -0.2896  67.794 ]\n [-38.1482  -0.3065  67.801 ]]\n\u001b[33mNormal modes\u001b[39m\n  Freq [MHz]                  Ca40                              Ca40\n------------  ---------  ---------  ---------  ----------  ---------  ----------\n       1.042   0.7068    -0.002399   0.001919   0.7074     -0.001979  -9.691e-05\n       1.804  -0.7074     0.002414  -0.001977   0.7068     -0.001964  -0.0001526\n       4.658   0.002403   0.1722    -0.67      -0.0004086  -0.1808     0.6991\n       4.773  -0.002566  -0.1797     0.6994    -0.0003357  -0.1732     0.6698\n       6.663   0.00185    0.6863     0.1763    -0.001935   -0.6831    -0.1767\n       6.744  -0.001841  -0.6834    -0.1756    -0.001945   -0.686     -0.1774\n"
  },
  {
    "_printoptions": {
      "precision": 4,
      "format_char": "g"
    },
    "ion": "Ca40",
    "x_eq": [
      -3.724181254594824e-05,
      -3.0231182920281354e-07,
      6.74335936970628e-05
    ],
    "fun": -1.744200878058391,
    "jac": [
      0.01759648737072439,
      0.07598828639422095,
      -0.1628394971788225
    ],
    "hess": [
      [
        18093912.101884246,
        1869376.5603591707,
        -250616.74196768925
      ],
      [
        1869376.5603591707,
        733973772.1315514,
        91598325.19388686
      ],
      [
        -250616.74196768925,
        91598325.19388686,
        419402377.9705872
      ]
    ],
    "shift": [
      1.0761527094980752e-09,
      4.647234335490572e-09,
      -9.95881521182713e-09
    ],
    "mode_freqs": [
      1051778.3222070786,
      4912970.051294651,
      6811781.7483391445
    ],
    "mode_vectors": [
      [
        0.9999953673442425,
        -0.002772129192289652,
        0.0012572150947615498
      ],
      [
        0.0019362540494911006,
        0.2606231371766958,
        -0.9654386729815796
      ],
      [
        0.0023486613866349672,
        0.9654366347243712,
        0.26062729734579315
      ]
    ],
    "mode_angle": 15.107329656907947,
    "minimize_results": {
      "x": [
        -3.724181254594824e-05,
        -3.0231182920281354e-07,
        6.74335936970628e-05
      ],
      "fun": -1.744200878058391,
      "jac": [
        0.01759648737072439,
        0.07598828639422095,
        -0.1628394971788225
      ],
      "nfev": 11,
      "nit": 5,
      "status": 1,
      "message": "Converged (|f_n-f_(n-1)| ~= 0)",
      "success": true
    },
    "mode_solver_results": {
      "_printoptions": {
        "precision": 4,
        "format_char": "g"
      },
      "x0": [
        [
          -4.921799920954237e-06,
          -3.63619634983029e-08,
          6.704890199405726e-05
        ],
        [
          5.078858918291225e-06,
          1.686911523661559e-08,
          6.715643767268059e-05
        ]
      ],
      "ions": [
        "Ca40",
        "Ca40"
      ],
      "x_eq": [
        [
          -3.995091326819505e-05,
          -2.9459349451268984e-07,
          6.742894257919523e-05
        ],
        [
          -3.4530836514532566e-05,
          -3.0962048696553794e-07,
          6.743575277417934e-05
        ]
      ],
      "fun": -3.4880032429208727,
      "jac": [
        0.00014158738478897703,
        0.0016062513551723667,
        0.000989784734997827,
        0.00013631330143937248,
        0.0007109881261847251,
        4.99232970409616e-05
      ],
      "hess": [
        [
          36202497.670160286,
          1879054.4189460292,
          -710491.4386717773,
          -18086453.412311736,
          75216.53392667096,
          -34087.942991727694
        ],
        [
          1879054.4189460292,
          725097507.3595245,
          91280066.67173319,
          75216.53392667096,
          9043143.853754498,
          94.50775060033516
        ],
        [
          -710491.4386717773,
          91280066.67173319,
          410657366.95174944,
          -34087.942991727694,
          94.50775060033516,
          9043309.558557231
        ],
        [
          -18086453.412311736,
          75216.53392667096,
          -34087.942991727694,
          36148946.0726704,
          1711193.2475159173,
          276960.2659317578
        ],
        [
          75216.53392667096,
          9043143.853754498,
          94.50775060033516,
          1711193.2475159173,
          724887527.9199271,
          91910105.42149818
        ],
        [
          -34087.942991727694,
          94.50775060033516,
          9043309.558557231,
          276960.2659317578,
          91910105.42149816,
          410207654.85910875
        ]
      ],
      "trap_pot": [
        -1.744134518762013,
        -1.7441343952817006
      ],
      "mode_freqs": [
        1051622.5030244156,
        1821586.0894576123,
        4799503.515247483,
        4913484.499892015,
        6730377.222826505,
